Market Price (WAD) | Redemption Price (RAY) | Redemption Rate (%) | Per Second Redemption Rate (RAY) | Redemption Rate Timeline (Seconds) | Proportional (No Gain) | Proportional (With Gain) | Integral (No Gain) | Integral (With Gain) | Delay Since Last Update
4200000000000000000 4200000000000000000000000000 0 1000000000000000000000000000 31536000 0 0 0 0 3600
2500000000000000000 4200000000000000000000000000 186.9999999999998300000000000 1000000033432015708885629790 31536000 1700000000000000000000000000 1700000000000000000000000000 3060000000000000000000000000000 169999999999998300000000000 3600
2500000000000000000 4200505522489602273206005668 220.2056074738557485021083638 1000000036903638644908215058 31536000 1700505522489602273206005668 1700505522489602273206005668 9027909940481284091770808286840 501550552248955211815077970 3600
2500000000000000000 4201063764761367030047645942 251.7781417354000004372589214 1000000039885544673529555118 31536000 1701063764761367030047645942 1701063764761367030047645942 14700917746667540547026445587564 816717652592632974324943272 3600
2500000000000000000 4201667030238406249206570943 281.7821879701381500009893229 1000000042480977292452421798 31536000 1701667030238406249206570943 1701667030238406249206570943 20090787290333755422332704496611 1116154849462975250803322286 3600
2500000000000000000 4202309646679785530662316782 310.3054421361427792935684109 1000000044765718821925627893 31536000 1702309646679785530662316782 1702309646679785530662316782 25213405944269812854980054598147 1400744774681642262273367327 3600
4202309825198006207 4202987109667942610428931982 150.1759023040148921758810838 1000000029077692383477167021 31536000 677284469936403428931982 677284469936403428931982 27019471294264095524650762054397 1501081738570212518329878856 3600
4202987109667942610 4203427100088734791504161088 142.6579369551566931293579478 1000000028110179200504233639 31536000 439990420792181504161088 439990420792181504161088 25670508824354202201297774563488 1426139379130774749789418390 3600
4203427100088734791 4203852612498217747949821333 135.5325193207773855370536318 1000000027165107047787764125 31536000 425512409482956949821333 425512409482956949821333 24388194254369480053515413427093 1354899680798290898420714985 3600
4203852612498217747 4204263745778002935936404364 128.7649494607088356188059632 1000000026240641797413354231 31536000 411133279785188936404364 411133279785188936404364 23170290503891688713434833741528 1287238361327303167251655268 3600
4204263745778002935 4204660925816872195807104238 122.3354454631672713862213478 1000000025336665435402369736 31536000 397180038869260807104238 397180038869260807104238 22013230942670682287301393033449 1222957274592803453055109240 3600
4204661036149873429 4205044569159946334830085935 116.2254505618462334085567279 1000000024453051731186642529 31536000 383533010072905830085935 383533010072905830085935 20913677506951218845373733715044 1161870972608389428255481344 3600
4205044569159946334 4205414759669872776803274576 110.4222986839896333755593657 1000000023590381797725590102 31536000 370190509926442803274576 370190509926442803274576 19869350333939656730645082855329 1103852796329969890952319081 3600
4205414759669872776 4205772020470525622177511943 104.9075241304684086026157353 1000000022748243205554335861 31536000 357260800652846177511943 357260800652846177511943 18876923649072751086512108117356 1048717980504031239848645410 3600
4205772020470525622 4206116460699393193884590320 99.6696691810649290845312000 1000000021927136243091810764 31536000 344440228867571884590320 344440228867571884590320 17934340528472250284698274966133 996352251581781718960721680 3600
4206116460699393193 4206448587155234050142097707 94.6920954661076624381774486 1000000021126621450824328761 31536000 332126455840857142097707 332126455840857142097707 17038598907694414196303258982626 946588828205235767239676779 3600
4206448587155234050 4206768524287274910538291836 89.9644530285803010531959550 1000000020347120302948317870 31536000 319937132040860538291836 319937132040860538291836 16187842676767880578312786542931 899324593153762149993667714 3600
4206768524287274910 4207076679821043165469989937 85.4729328296423208936709214 1000000019588368112571800185 31536000 308155533768255469989937 308155533768255469989937 15379581109727942958212044271794 854421172762654953466719277 3600
4207076765422938493 4207373451046858969001478009 81.2045752851365169374253698 1000000018850090779514358062 31536000 296685623920476001478009 296685623920476001478009 14611483210094150595542063350987 811749067227444693372775689 3600
4207373451046858969 4207658974469298693253061906 77.1505358193148202400443247 1000000018132600049711029760 31536000 285523422439724253061906 285523422439724253061906 13881957025872891426223122881849 771219834770708478147381341 3600
4207658974469298693 4207933724602866785134499383 73.2979197135052760387533253 1000000017435375808392428665 31536000 274750133568092134499383 274750133568092134499383 13188680046026855915355069943448 732704447001484668253033870 3600
4207933724602866785 4208197853750936132438489021 69.6387241727643525697290298 1000000016758651770231542422 31536000 264129148069347438489021 264129148069347438489021 12530216026432460510818687317361 696123112579574178258801277 3600
4208197853750936132 4208451746808241762190876098 66.1622652228438596781651182 1000000016102062099055898513 31536000 253893057305630190876098 253893057305630190876098 11904637665080512445010602319977 661368759171132966590775084 3600
4208451817336219078 4208695777514071191515566755 62.8585142794481353044271946 1000000015465234370088865070 31536000 243960177852113515566755 243960177852113515566755 11310141287099439412929564447528 628341182616629239528705191 3600
4208695777514071191 4208930102514932591463538335 59.7206277004530528935433204 1000000014848301296326450870 31536000 234325000861400463538335 234325000861400463538335 10745495136066151767445468307003 596971952003669128471894869 3600
4208930102514932591 4209155154689568116991855559 56.7386276662276884522484627 1000000014250679963265221131 31536000 225052174635525991855559 225052174635525991855559 10208902040777646542571731016409 567161224487641358530629068 3600
4209155154689568116 4209371100190139214504356443 53.9063208531351051117077228 1000000013672435569869739750 31536000 215945500571098504356443 215945500571098504356443 9699250734554136139536319678415 538847263030779952612720785 3600
4209371100190139214 4209578293766359719141166569 51.2154407363140620064664202 1000000013113121401782326341 31536000 207193576220505141166569 207193576220505141166569 9215049848164654219121439044363 511947213786920114923497633 3600
4209578351321547716 4209777078573986399662798077 48.6582265866444106121432768 1000000012572289015914991090 31536000 198727252438683662798077 198727252438683662798077 8754903695052185153292374977631 486383538614005422458634691 3600
4209777078573986399 4209967618407543317054649441 46.2293828225461629172829759 1000000012049921369937821233 31536000 190539833556918054649441 190539833556918054649441 8317859191054367978719156280579 462103288391904711118180318 3600
