Market Price (WAD) | Redemption Price (RAY) | Redemption Rate (%) | Per Second Redemption Rate (RAY) | Redemption Rate Timeline (Seconds) | Proportional (No Gain) | Proportional (With Gain) | Integral (No Gain) | Integral (With Gain) | Delay Since Last Update
4200000000000000000 4200000000000000000000000000 0 1000000000000000000000000000 31536000 0 0 0 0 3600
6500000000000000000 4200000000000000000000000000 -99.9999999999999999999999999 999995012392277127643160488 12464822 -2300000000000000000000000000 -2300000000000000000000000000 -4140000000000000000000000000000 -229999999999997700000000000 3600
6500000000000000000 4125239608832909911262301091 -99.9999999999999999999999999 999993965858996469716685371 10302976 -2374760391167090088737698909 -2374760391167090088737698909 -12349850046771443429043524450614 -686102780376184440585725374 3600
6500000000000000000 4036593454468923760635227595 -99.9999999999999999999999999 999992904946409948535651990 8762383 -2463406545531076239364772405 -2463406545531076239364772405 -20441058030489570648175788862277 -1135614335027187013199749109 3600
6500000000000000000 3934795253627725154154671716 -99.9999999999999999999999999 999991824870881134431235905 7604717 -2565204746372274845845328284 -2565204746372274845845328284 -28470505454391124069145167861460 -1581694747466157742449479108 3600
6500000000000000000 3820652303787621625765075097 -99.9999999999999999999999999 999990721616894104447260006 6700468 -2679347696212378374234924903 -2679347696212378374234924903 -36489398324118710813590787411722 -2027188795784352551089308123 3600
3820652303787621625 3695141446025073078106843685 -99.9999999999999999999999999 999995403068565599949141477 13524164 -125510857762548546893156315 -125510857762548546893156315 -39713673805067643730941771391172 -2206315211392624810789095595 3600
3695141446025073078 3634477088065931378189161924 -99.9999999999999999999999999 999995711726872138762660399 14497599 -60664357959141699810838076 -60664357959141699810838076 -38062661040966379245812491812123 -2114592280053666589955671230 3600
3634477088065931378 3578799573613178576945039542 -99.9999999999999999999999999 999995907056018591612311604 15189475 -55677514452752801054960458 -55677514452752801054960458 -36368943359259470385080280755491 -2020496853292172594202593786 3600
3578799573613178576 3526439452078255379266038773 -99.9999999999999999999999999 999996091504166051848844208 15906292 -52360121534923196733961227 -52360121534923196733961227 -34744525678184779973742431662807 -1930251426565801807138091656 3600
3526439452078255379 3477167743510806088006779454 -99.9999999999999999999999999 999996267820602795482741224 16657742 -49271708567449290993220546 -49271708567449290993220546 -33190236688459811452964215519193 -1843902038247748863922073940 3600
3477167743510806088 3430761419406408560909709349 -99.9999999999999999999999999 999996436359477507674762246 17445555 -46406324104397527090290651 -46406324104397527090290651 -31702945312846145152866304118945 -1761274739602546006856287536 3600
3430748615189322328 3387016223582811847313633134 -99.9999999999999999999999999 999996597505338715333072026 18271797 -43732391606510480686366866 -43732391606510480686366866 -30279711343080504694838763100652 -1682206185726677883206962905 3600
3387016223582811847 3345781712731731973173662270 -99.9999999999999999999999999 999996751493158806710208705 19137930 -41234510851079873826337730 -41234510851079873826337730 -28918666200350142098219674263320 -1606592566686102939530981708 3600
3345781712731731973 3306871148649415446992860328 -99.9999999999999999999999999 999996898674045514030392569 20046168 -38910564082316526007139672 -38910564082316526007139672 -27616642665267765278717258944323 -1534257925848193839571700348 3600
3306871148649415446 3270155964302153811815820694 -99.9999999999999999999999999 999997039323819765899732217 20998482 -36715184347261634184179306 -36715184347261634184179306 -26371936879177617703125752869488 -1465107604398741887986497838 3600
3270155964302153811 3235476682011234636069915353 -99.9999999999999999999999999 999997173712665752288021398 21996953 -34679282290919174930084647 -34679282290919174930084647 -25181528811514407413229635565219 -1398973822861897533218973356 3600
3235476682011234636 3202723750476007070847443336 -99.9999999999999999999999999 999997302112552926556172310 23043850 -32752931535227565152556664 -32752931535227565152556664 -24043830355825751174716892381321 -1335768353101417263134074117 3600
3202723750476007070 3171768160979997680389152791 -99.9999999999999999999999999 999997424762183564793186323 24141350 -30955589496009389610847209 -30955589496009389610847209 -22956314175890690134555159680417 -1275350787549470031745188931 3600
3171759603906491145 3142490523576514679508725305 -99.9999999999999999999999999 999997541952029275153511402 25292314 -29269080329976465491274695 -29269080329976465491274695 -21916653997658981060337131133558 -1217591888758820105210953030 3600
3142490523576514679 3114805350042589559153239364 -99.9999999999999999999999999 999997653863849708123515236 26498771 -27685173533925119846760636 -27685173533925119846760636 -20923338954731054860928724451054 -1162407719707269201529954285 3600
3114805350042589559 3088600933821635753455092241 -99.9999999999999999999999999 999997760765108367147960092 27763826 -26204416220953805544907759 -26204416220953805544907759 -19973917002689293386986561427840 -1109662055704949647100918585 3600
3088600933821635753 3063803020661622251903037480 -99.9999999999999999999999999 999997862862005633536980965 29090181 -24797913160013501096962520 -24797913160013501096962520 -19067025345440569869592587353175 -1059279185857798844407729608 3600
3063803020661622251 3040321469930389996184593630 -99.9999999999999999999999999 999997960351848895926002794 30480617 -23481550731232254815406370 -23481550731232254815406370 -18200577113172783736755210051558 -1011143172954033429499115462 3600
3040314972343861519 3018072487788317543376741057 -98.7389822518168701147603535 999999861325128387078370648 31536000 -22242484555543975623258943 -22242484555543975623258943 -17372652083327418785959035942515 -965147337962624725524344592 3600
3018072487788317543 3016566152785475971552397992 -92.771188023173591653995303 999999916695352218022119587 31536000 -1506335002841571447602008 -1506335002841571447602008 -16546767354366141831388622980109 -919264853020332020206393295 3600
3016565734463552022 3015661211858668011960752186 -87.4435516336648664856308865 999999934204218351854482200 31536000 -904522604884010039247814 -904522604884010039247814 -15723557887171921022285970651593 -873530993731764654817061051 3600
3015661211858668011 3014946992393408495613077518 -83.730537717450288387004893 999999942418814603906881374 31536000 -714219465259515386922482 -714219465259515386922482 -14940293728539583316938768808866 -830016318252190773000082411 3600
3014946992393408495 3014321908380745261640712881 -78.9263319105784714374558529 999999950623229190200697161 31536000 -625084012663233359287119 -625084012663233359287119 -14195488231676328613157202153776 -788638235093121481015271410 3600
3014321908380745261 3013786141051696408367003656 -74.9858175801685467035880694 999999956058878908757509562 31536000 -535767329048852632996344 -535767329048852632996344 -13487803352507593937285443391311 -749322408472636614402884350 3600
