Market Price (WAD) | Redemption Price (RAY) | Redemption Rate (%) | Per Second Redemption Rate (RAY) | Redemption Rate Timeline (Seconds) | Proportional (No Gain) | Proportional (With Gain) | Integral (No Gain) | Integral (With Gain) | Delay Since Last Update
4200000000000000000 4200000000000000000000000000 0 1000000000000000000000000000 31536000 0 0 0 0 3600
4300000000000000000 4200000000000000000000000000 -10.9999999999999900000000000 999999996304736934277021066 31536000 -100000000000000000000000000 -100000000000000000000000000 -180000000000000000000000000000 -9999999999999900000000000 3600
4300000000000000000 4199944127993975030132740918 -12.9564098095516060660612977 999999995599912613097125389 31536000 -100055872006024969867259082 -100055872006024969867259082 -531148069610844945761066234888 -29508226089491090793353895 3600
4300000000000000000 4199877600084481745593109027 -14.8173041892688912909720239 999999994914641261230802795 31536000 -100122399915518254406890973 -100122399915518254406890973 -864911555589080502166482687844 -48050641977170658502829266 3600
4200000000000000000 4199800712404771711137533797 -5.5879566224614968445402182 999999998176638040026550549 31536000 -199287595228288862466203 -199287595228288862466203 -1002245015328970254943000928817 -55680278629386679582935979 3600
4200000000000000000 4199773123213182182227352434 -5.3167791589969752174316194 999999998267586767613515385 31536000 -226876786817817772647566 -226876786817817772647566 -952936466456744348594699887349 -52940914803151934401668628 3600
4200000000000000000 4199746930621723052321442099 -5.594933057780761425317446 999999998174294806279519080 31536000 -253069378276947678557901 -253069378276947678557901 -906153546231077708977134135243 -50341863679503813746759545 3600
4200000000000000000 4199719320437538439095042638 -4.8158158276857191447710245 999999998434919121085039459 31536000 -280679562461560904957362 -280679562461560904957362 -861794616859129967715720491167 -47877478714395630542752883 3600
4100000000000000000 4199695658062721524118895239 6.4153551134071572009695318 1000000001971705211313403801 31536000 99695658062721524118895239 99695658062721524118895239 -639757924715705535544845750325 -35542106928649952109199921 3600
4100000000000000000 4199725476471644573019345931 8.5908608903775013214151670 1000000002613427962150459998 31536000 99725476471644573019345931 99725476471644573019345931 -248703616221654563529658920575 -13816867567869559805194261 3600
4100000000000000000 4199764989105443649473778720 10.6588011473676190417691068 1000000003211612694301175174 31536000 99764989105443649473778720 99764989105443649473778720 122814402628186965134448551143 6823022368232540943912348 3600
4100000000000000000 4199813546252856820692771452 12.6253271038507582027607837 1000000003770181206336832508 31536000 99813546252856820692771452 99813546252856820692771452 475915046141718463177516356304 26439724785650761334836385 3600
4200000000000000000 4199870562737114908040356159 3.4961893732587251575958846 1000000001089694584240087733 31536000 -129437262885091959643841 -129437262885091959643841 631643957918508500080427567881 35091330995472343535602687 3600
4200000000000000000 4199887038443766395538098096 3.3199563007553252497164872 1000000001035653199704492314 31536000 -112961556233604461901904 -112961556233604461901904 599625442148169421517623454877 33312524563786856959066776 3600
4200000000000000000 4199902701477810617689721478 3.1528117058866843111379260 1000000000984313533473528063 31536000 -97298522189382310278522 -97298522189382310278522 569257480459017750164644681585 31625415581056225421657782 3600
4200000000000000000 4199917583980017576497998954 2.9943757327803810247060413 1000000000935571925049191116 31536000 -82416019982423502001046 -82416019982423502001046 540471120260157612194308868750 30026173347786233749061459 3600
4200000000000000000 4199931729573757274352768583 2.8441525609531681650140150 1000000000889287622306245929 31536000 -68270426242725647231417 -68270426242725647231417 513176328643944463115974655377 28509796035774407297371567 3600
4200000000000000000 4199945179334910966687545070 2.7016787147511040147087873 1000000000845328406732672431 31536000 -54820665089033312454930 -54820665089033312454930 487288940626806195161176739032 27071607812600073459542803 3600
4200000000000000000 4199957960553033865108284999 2.5666301963798418171293764 1000000000803603884624155907 31536000 -42039446966134891715001 -42039446966134891715001 462750145393766582635611723037 25708341410764553063008765 3600
4200000000000000000 4199970114314833138171387978 2.4385496165224860304925964 1000000000763981382599937021 31536000 -29885685166861828612022 -29885685166861828612022 439476873307055393172416836491 24415381850391722133537986 3600
4199260881094347634 4199981665647023048898033221 2.3984487197298405540937545 1000000000751565743597276909 31536000 720784552675414898033221 720784552675414898033221 418746647603218019038753875953 23263702644622990642904324 3600
4199260881094347634 4199993029286828804989894314 2.2977958979388669236513416 1000000000720381191998724041 31536000 732148192481170989894314 732148192481170989894314 400424594164338972685085481219 22245810786907498246619102 3600
4199260881094347634 4200003924603073024818046116 2.2023822738786546796990768 1000000000690791522003420703 31536000 743043508725390818046116 743043508725390818046116 383054026141104638161265152192 21280779230061155978944652 3600
